 101176264.21   
 103306131.70   
 104894358.96   
 115641693.93   
 107972969.29   
 106990428.48   
 108834565.26   
 118640195.49   
 113098815.20   
 113712967.28   
 116931061.06   
 127637455.04   
 119271872.82   
 122245510.44   
 126765613.58   
 136924233.81   
 124111899.34   
 125696605.99   
 132323134.52   
144514030.3
136154046.5
138863724.9
141170855.9
151553361.9
143841661.9
145340054.7
151629358.6
156238511.1
148628048.7
149591426.5
155867277.6
164087514.5
154577764
158534958.7
160934306.7
172795308.3
159653011.1
164577903.5
167187363.6
176373932.4
166082908.6
163106680.3
167003237.1
174075165.9
166134139.4
165076568.8
170252698.9
180130761
173104498.9
169468525.9
173416443.8
183267112.8
177071002.9
173830923.6
177186971.1
184976785.5
176420790
174076683.7
179017444.4
185278632.1
173950503.5
155566098.4
